image: src/shigu_gazebo/map/1.pgm
resolution: 0.400000
origin: [-11.827524, -5.058053, 0.000000]
negate: 0
occupied_thresh: 0.65
free_thresh: 0.196

